0	628
1	486
1	2919
1	2933
2	3285
3	3219
4	467
5	648
6	1501
7	2137
8	178
10	1670
10	2622
12	113
12	677
12	839
12	966
12	1097
12	1357
12	2474
13	1894
13	2711
14	146
15	2521
16	1422
16	1708
16	2166
16	2415
16	2416
16	2417
16	2418
16	2597
17	879
17	2150
18	582
18	778
19	1338
19	1451
19	3308
21	1073
22	3251
24	1227
24	2027
25	2057
25	2331
27	755
27	1290
27	1422
27	1943
27	2021
27	2023
28	28
28	135
28	1678
28	1912
28	2312
28	2315
29	1422
29	2838
30	532
31	136
31	1625
32	118
32	3009
33	824
33	1822
33	3193
33	3197
33	3326
34	75
35	89
36	763
38	2228
39	1412
39	2466
40	631
41	1059
42	2655
43	1096
43	1429
43	1625
44	1227
45	939
47	820
47	1098
47	3130
47	3131
48	2185
49	1510
49	2455
49	2994
50	2528
50	2529
51	453
51	493
51	1034
51	1422
51	2525
51	2828
54	1903
54	2378
55	2119
56	2609
57	487
57	2570
58	740
58	742
58	1416
58	2009
59	931
59	962
59	968
59	1290
59	2826
60	793
60	916
60	2992
61	1734
61	2063
61	2113
62	1620
63	1053
64	1431
65	1944
66	1062
66	2342
66	3144
69	1178
69	2370
70	808
70	2245
71	660
72	1896
73	1779
74	2365
75	1697
75	1879
76	1132
76	1861
76	2644
78	1687
79	298
79	2089
80	2316
80	3029
81	1527
81	2414
81	2976
83	540
83	584
83	649
83	654
83	923
83	1225
83	1383
83	1842
83	1932
83	2673
83	3018
83	3299
84	582
85	2893
86	1488
86	1857
87	1710
88	3156
89	35
90	3277
91	1992
92	582
93	2939
95	110
95	822
95	2636
95	3274
97	1201
97	2572
98	386
98	936
98	1078
98	1406
98	2297
98	2510
99	157
99	2571
100	100
100	2158
101	825
101	1325
101	1340
101	1434
101	2855
102	1016
102	2198
106	155
106	2189
106	2643
109	1454
109	1819
109	2658
109	2659
110	95
110	472
110	541
110	1551
111	251
113	150
113	1875
114	553
114	1419
114	1538
114	1686
114	2677
115	880
115	2122
118	32
118	3133
119	96
119	1829
120	1650
122	827
122	2421
123	1992
124	124
125	831
127	143
130	582
130	1004
131	2622
131	3324
132	96
132	119
132	779
132	1322
132	1329
132	3134
134	874
135	28
135	1566
136	43
136	1702
136	1940
136	2315
137	755
137	1422
137	2782
138	680
138	1131
138	1736
138	1853
138	2487
138	2488
139	958
140	1713
141	1036
142	1200
142	1455
142	2059
143	127
144	2110
145	3121
146	14
146	1248
147	1350
147	1439
147	2264
147	2625
148	1770
148	2068
148	2228
149	364
150	677
150	1357
150	2474
151	930
151	2217
151	2299
152	1429
152	1666
152	2546
153	744
153	755
153	2925
154	1112
154	1625
154	1668
155	922
155	2776
156	1334
156	1677
156	3084
157	2507
159	465
160	934
160	2133
160	2716
161	2735
161	3070
162	1070
163	3182
165	944
165	1994
165	2804
166	667
167	1904
167	2909
168	3193
169	247
169	929
170	881
170	2803
172	1557
172	2320
173	519
176	2750
177	1971
177	2442
177	2687
178	8
179	1298
179	1860
180	351
180	661
180	2638
181	1262
181	1422
182	2262
184	1825
186	55
186	2507
186	2883
187	199
189	1802
192	192
193	572
194	397
194	1620
194	2900
194	3051
194	3052
195	1407
197	755
198	1453
200	2842
200	2843
202	1594
204	126
204	1434
205	212
205	783
205	854
205	2296
205	3134
205	3265
206	772
208	218
208	404
208	438
208	997
208	1534
208	1718
208	2433
208	2703
208	2706
208	2966
210	3183
211	1444
212	205
212	783
212	2835
212	3076
213	528
213	3073
214	2485
214	2773
214	2928
215	582
216	695
216	1655
216	2615
217	1603
217	2867
218	208
218	1896
218	2433
219	2254
219	3093
220	968
220	1214
220	1422
220	2475
220	2782
221	1097
222	26
222	567
222	1392
222	2729
222	2857
223	223
224	1622
225	1528
225	3203
225	3204
226	1907
227	843
227	1809
227	2619
227	3249
228	300
228	411
228	2815
229	307
229	887
229	895
229	1230
229	2782
230	356
231	875
233	2079
234	582
234	2391
234	2993
235	256
236	618
236	1582
237	585
237	1731
237	2398
237	2564
238	735
239	1321
240	2942
241	936
242	796
242	1736
243	931
244	906
245	3203
245	3204
246	1422
246	2782
247	1217
247	1265
247	2063
247	2643
249	906
250	825
252	232
253	843
253	1992
253	2579
254	266
254	1543
254	1687
254	1772
254	2222
254	2551
254	2619
255	2277
256	235
257	2970
258	962
260	2749
263	737
263	2422
264	1267
266	2067
266	2619
266	3249
266	3298
267	749
268	1942
268	3242
268	3324
269	3228
269	3234
271	1266
272	450
273	416
273	468
274	52
275	710
275	1297
276	276
277	3238
278	2469
279	688
279	1928
280	1563
282	1163
282	2348
283	1596
283	3252
284	58
284	284
284	2009
285	1418
286	1466
286	2674
287	1011
288	1361
289	1422
291	873
292	1843
292	2141
292	2854
293	1874
294	3046
295	3061
297	248
297	1669
298	468
299	1057
299	1134
300	1410
300	1531
300	2815
302	962
302	2651
303	493
303	719
303	937
303	2585
303	3093
303	3186
304	637
304	1620
304	2025
306	1368
307	229
307	585
307	1943
307	2230
307	2398
307	2676
307	2782
308	2930
309	1680
310	1878
310	2937
311	413
312	2644
314	373
314	622
314	912
314	1943
314	2596
314	2597
315	1124
316	777
316	2931
316	2932
317	411
318	717
319	2220
319	2646
320	2962
321	2227
321	3083
322	1879
323	697
324	3116
325	190
325	3184
326	984
326	3085
327	1382
328	71
328	660
329	2517
330	3184
330	3206
331	1278
331	1709
331	2948
332	2259
332	2921
333	232
334	1692
335	723
335	1088
336	876
336	1180
336	2580
339	472
339	2789
340	1050
342	3296
344	2238
345	1452
346	1663
347	2073
347	2527
347	2633
348	399
348	1991
349	2760
350	2399
351	180
351	661
351	1112
351	2638
352	3293
353	98
353	2434
354	3006
355	1121
356	3156
357	1948
357	2351
358	358
359	80
360	477
361	1918
361	2185
361	2444
361	2649
361	2650
362	2339
363	800
364	399
364	1991
365	630
365	1150
366	2061
367	117
368	1199
369	580
371	1369
371	1981
371	2463
371	3071
372	3193
373	373
373	616
373	912
373	1708
373	2416
373	2490
373	2925
374	2368
374	2790
374	3286
375	1793
376	2300
377	715
377	2405
378	3272
379	2189
380	2155
380	3188
381	2955
382	696
386	98
387	2808
389	2111
389	2989
390	871
390	2103
392	2316
393	566
394	1879
394	2594
394	2711
395	2519
395	2622
396	468
396	2217
396	2519
397	194
397	1522
398	1251
399	348
399	364
399	957
400	400
400	862
402	1414
404	208
404	1534
404	1718
404	2703
404	2705
404	2966
405	582
405	2179
408	637
409	1341
409	1529
409	2584
410	1808
410	3106
411	228
411	317
412	3257
413	805
413	1812
413	2719
414	1128
414	1625
414	1666
414	2565
415	2533
416	273
416	1758
417	915
417	1335
419	476
421	1135
421	1162
421	2275
421	2631
422	2237
422	2867
423	1756
425	171
427	840
427	2477
428	773
428	1439
428	1647
428	2264
428	2404
428	2405
428	2625
428	2626
429	2028
429	2154
430	1684
430	2844
431	869
431	1174
431	1268
431	2352
432	2983
434	549
434	2362
435	1875
435	1996
437	2922
438	1896
438	2705
438	2966
439	2011
441	2812
442	2911
443	857
443	1828
444	1301
444	2655
445	509
446	2388
447	1184
447	3286
448	888
448	1090
449	1543
450	154
450	542
450	882
450	1532
450	1561
450	1817
450	1915
450	1965
450	2196
450	2295
450	2507
450	2519
451	1630
451	2736
453	807
453	1009
453	2053
453	2254
453	2475
453	2667
453	2782
453	2784
454	2828
455	1656
455	1684
455	1992
455	3017
458	2233
459	2099
460	992
460	3030
461	1508
462	476
464	1758
464	1853
465	159
465	2153
465	2345
466	936
467	4
468	138
468	273
468	298
468	396
468	768
468	930
468	982
468	1097
468	1251
468	1362
468	1473
468	2089
468	2217
468	2622
468	2718
468	2719
469	1101
469	1478
471	1676
471	2314
471	2588
472	110
472	339
472	541
472	703
472	780
472	2269
473	843
473	1808
473	2524
476	462
476	2203
476	3046
481	2236
482	830
482	1076
482	3276
483	1585
483	2624
484	1210
484	1531
486	486
486	1097
486	1202
486	1362
486	2891
486	3228
487	57
487	734
487	837
487	1140
487	1651
487	2108
488	667
489	582
490	2858
491	170
491	2994
492	1034
492	1422
492	1644
492	2181
492	2404
493	51
493	303
493	1214
493	2151
494	637
494	1620
494	2025
495	1262
496	861
497	2975
499	2274
501	1575
502	517
503	1529
504	624
504	2292
504	2844
505	1729
506	1583
506	3213
507	2834
508	2732
508	3248
509	486
509	1362
509	1570
510	2827
511	625
512	620
513	297
514	2810
515	1383
515	3299
517	502
517	1215
517	1583
517	2647
519	519
519	3146
520	2402
523	2349
524	1537
524	2787
525	263
525	2573
525	2577
526	920
526	2163
527	1943
528	213
528	962
528	1422
528	2396
529	1724
529	1958
530	1966
531	2610
532	30
533	1764
533	2691
534	2287
535	946
535	2584
536	2477
537	650
537	836
539	1783
540	83
540	555
540	911
540	1945
540	2515
540	2646
540	2910
541	472
541	703
541	1464
541	1477
541	1620
541	1704
541	1768
541	2269
541	2745
541	2840
541	3047
541	3048
541	3050
542	1020
543	2561
544	1915
544	2302
545	1046
545	2259
547	819
548	851
548	1877
549	434
549	755
549	1422
549	2361
549	2782
550	2899
550	3010
551	749
553	114
554	799
555	540
557	12
557	150
557	725
557	1922
558	81
558	591
558	1145
559	1013
561	2580
561	2848
561	3025
562	1586
562	1735
563	582
564	1477
565	904
565	1264
565	1330
565	2484
566	393
566	698
567	1435
567	2005
567	2400
567	2464
567	2486
567	2898
568	1839
568	3023
569	624
571	571
572	193
573	670
574	1109
574	2049
577	1027
577	2080
578	2225
578	2367
580	369
581	1750
582	18
582	84
582	130
582	215
582	234
582	379
582	405
582	489
582	587
582	637
582	1002
582	1387
582	1410
582	1525
582	1701
582	1921
582	2100
582	2179
582	2249
582	2258
582	2447
582	2840
582	2920
582	2921
582	2973
582	3017
582	3148
582	3216
582	3217
582	3218
584	83
584	1039
584	2531
585	237
585	307
585	1214
585	1943
586	2782
587	2840
588	828
588	1255
588	2537
590	2185
590	2206
591	81
591	558
591	1527
591	2414
594	292
595	878
595	1447
596	3191
597	3174
598	1887
600	1001
600	2105
601	3192
602	958
603	241
603	1471
603	2799
603	3128
604	692
604	2458
605	859
607	1879
608	608
609	684
609	2866
610	2910
610	2911
610	3039
611	620
611	2605
612	1316
615	2673
616	16
616	373
616	622
616	755
616	1567
616	1605
616	1708
616	1943
616	2415
616	2596
616	2862
618	2380
619	2290
620	512
620	2413
620	2605
622	16
622	314
622	616
622	1117
622	2596
622	2597
622	2637
622	2925
624	504
624	569
624	777
624	865
624	915
624	2578
624	2845
626	626
627	755
627	2564
627	2632
628	0
630	1757
630	2319
632	538
632	623
633	1422
634	1162
637	408
637	808
637	1797
637	2189
637	2562
637	2931
637	2977
638	2218
638	3039
639	2753
641	535
641	825
641	1080
641	1447
641	2595
642	1000
642	2464
643	1741
644	2282
645	3315
646	281
648	5
648	525
648	651
648	1143
648	2575
649	2495
649	2646
649	2911
649	3099
650	1655
652	2214
653	84
654	83
654	2515
655	687
655	3201
656	2940
658	657
659	1720
660	328
660	1481
661	180
661	351
661	1096
661	1439
661	2264
661	2404
661	2639
661	2640
661	2641
663	2385
664	530
664	1026
664	1203
664	2438
665	2256
666	3140
667	488
667	760
667	1530
667	1555
667	1707
667	3101
668	1294
670	924
670	1311
670	1472
670	1565
670	1836
670	2771
672	1738
673	2445
673	3261
675	1864
675	2875
677	12
677	150
677	2199
677	2443
677	2506
678	342
679	1979
680	138
680	2089
681	2577
682	881
682	1471
682	2494
683	2558
684	609
685	2961
686	2181
686	2827
687	3200
689	2729
690	2579
691	1567
691	2166
691	2481
691	2597
692	604
693	2182
694	2965
695	216
695	1682
695	2791
695	2792
696	869
696	1236
696	2352
697	323
697	1783
699	1347
700	2035
702	2928
703	472
703	541
703	2745
705	2422
705	2577
706	800
707	2028
708	3156
709	620
709	1471
709	2174
709	2320
709	2369
710	275
710	1159
711	2727
712	1177
713	2588
713	2604
714	1083
715	1940
715	2264
715	2404
715	2405
716	2329
717	1896
717	1902
717	3311
718	2241
719	303
719	755
719	1190
721	1485
722	1334
722	3107
723	335
723	1088
723	2219
724	2293
725	557
725	966
726	22
726	2747
729	2977
730	2985
730	2986
730	2987
731	2310
733	1296
734	1651
734	3304
736	2339
737	263
740	58
740	742
740	1416
741	225
742	58
742	740
742	1380
744	153
744	2466
744	2519
744	2586
744	3275
746	2420
746	3193
747	2501
749	551
749	1195
751	1446
751	1447
755	27
755	137
755	197
755	220
755	492
755	912
755	1961
755	2488
755	2585
755	2650
755	2664
755	2666
755	2667
756	2385
757	1420
758	2960
760	667
760	1707
761	2375
762	2337
764	1424
767	239
768	273
768	2645
769	2081
770	1202
770	1591
771	1103
771	1256
771	2646
772	1296
772	1331
772	1546
773	428
773	1647
773	1725
773	2264
774	1562
774	2606
775	775
775	1376
777	333
777	624
777	1691
777	2560
777	2845
778	18
778	2252
778	3223
779	132
779	932
781	2479
782	2945
783	2835
783	2837
783	3076
786	2216
788	3262
789	3176
790	582
790	1545
791	2309
793	916
794	12
794	1041
795	2679
796	930
796	2119
796	2217
797	2305
800	363
800	706
801	1391
802	1573
802	1854
803	803
803	990
803	3019
804	1776
805	413
805	986
806	1537
807	1422
807	2782
808	70
808	2066
809	541
811	1970
812	2963
813	1585
813	2770
814	908
815	2339
816	2377
816	2426
817	2616
818	1202
819	547
819	1247
819	3046
820	47
821	2591
822	95
822	1043
822	2498
823	1909
825	101
825	250
825	641
825	1080
825	1574
825	2855
826	2712
827	2421
828	828
828	1255
829	1082
829	1505
829	2411
830	482
832	73
835	2021
835	2782
835	2828
837	487
837	3283
838	838
839	1357
839	2487
840	427
841	1459
842	842
843	473
843	2551
846	3193
847	1398
847	1517
847	1666
847	1875
847	2205
847	2360
847	2520
850	1605
850	2182
850	2596
853	2252
854	205
854	2620
855	983
856	2739
857	443
857	1828
858	1803
859	1795
860	1004
860	2177
860	2497
862	400
863	1780
863	2209
864	1330
864	2874
865	624
865	670
865	2212
865	2266
865	2692
866	3239
867	1173
868	897
869	431
869	696
869	2352
871	390
872	1665
873	291
873	2693
873	3225
874	134
874	2866
875	1625
875	2797
876	336
876	1366
876	2848
876	3025
877	1379
877	1672
877	2353
877	2375
877	2467
878	595
878	2313
879	17
879	582
880	115
880	1877
881	491
881	2363
882	450
884	2512
885	2434
886	263
886	850
886	1567
886	1796
886	2277
886	2655
886	2769
887	43
887	229
887	1034
887	1214
887	1422
887	1943
887	2021
887	2282
887	2404
887	2839
887	2859
888	448
889	1430
891	2471
894	1070
895	229
895	1290
895	2021
895	2023
895	2782
898	1931
899	2123
900	1072
901	1810
901	3037
902	902
902	1201
902	2572
903	2969
904	864
904	1699
904	2369
904	2371
906	1903
907	1706
908	814
908	2708
909	2268
910	910
911	540
911	3060
912	314
912	622
912	755
912	1708
912	2416
912	2490
912	2925
914	914
914	2136
915	417
916	60
917	2660
918	3072
919	1425
920	2547
921	1280
921	3026
922	1087
922	1246
923	83
923	2218
923	2316
923	2911
923	3099
924	670
924	865
925	995
926	934
927	2899
928	1326
929	169
930	396
930	796
930	2519
930	2633
931	59
931	616
931	1025
931	1117
932	779
934	160
934	926
935	131
935	2590
936	98
936	241
936	466
936	709
937	2782
939	45
940	1155
941	453
941	2564
941	2667
941	2782
942	156
942	2305
942	2343
943	1554
943	2010
946	535
946	1584
946	2379
946	2906
950	2292
951	3154
953	1440
953	2736
955	3144
956	1022
956	1461
958	3035
959	1949
959	3075
961	1405
962	59
962	258
962	302
962	1422
962	2226
962	2416
962	2829
962	3073
964	521
965	1112
965	1301
965	1422
965	1567
965	2166
965	2234
965	2829
965	3013
965	3014
967	2701
968	59
968	220
968	468
968	1157
968	1214
968	1422
968	1567
968	1625
968	1943
968	2166
968	2226
968	2564
968	2632
968	2633
968	2782
968	2967
969	1687
972	1736
974	670
974	1891
975	1295
975	2478
976	105
977	2699
978	1764
979	2458
980	1645
981	2311
982	1591
982	1736
984	326
984	2046
985	677
985	1275
985	2443
986	2419
988	2458
989	383
989	1033
990	803
990	1207
990	1223
991	1474
992	460
992	1421
992	2242
993	2097
993	2427
993	2775
993	2829
993	2925
994	2224
994	2675
995	925
996	3116
997	1035
997	2703
998	1315
998	1515
998	3314
999	1948
999	2351
1000	642
1000	1545
1000	3120
1001	1001
1001	1577
1002	142
1002	582
1002	1200
1002	2734
1004	130
1004	419
1004	582
1004	698
1004	860
1004	2497
1004	2816
1006	2762
1006	2999
1007	9
1008	1668
1009	453
1009	755
1009	1422
1011	1583
1011	2330
1012	27
1012	492
1012	887
1012	1034
1012	1214
1012	2023
1012	2282
1012	2475
1012	2785
1013	16
1013	622
1013	755
1013	1567
1013	1943
1013	2166
1013	2597
1015	99
1015	1275
1015	2443
1016	102
1016	769
1016	1866
1017	530
1018	1032
1018	2514
1018	3241
1019	435
1019	1625
1019	2073
1020	450
1020	542
1021	2108
1021	2589
1021	3066
1022	956
1022	1302
1022	1461
1023	1493
1023	2709
1025	931
1025	2490
1026	100
1026	664
1027	56
1027	577
1027	1620
1027	2608
1028	1557
1028	2320
1028	2605
1030	776
1030	1971
1030	2353
1030	2372
1031	1125
1031	2329
1032	2514
1032	3241
1033	178
1033	383
1033	411
1033	1234
1033	2819
1034	51
1034	137
1034	1230
1034	1422
1034	1617
1034	2475
1034	2925
1035	1206
1035	2703
1036	917
1038	2082
1039	584
1039	1170
1039	2531
1040	2877
1041	128
1041	794
1041	1357
1043	822
1043	1829
1044	1264
1044	1395
1044	1802
1044	2434
1045	1596
1045	3252
1045	3253
1048	1143
1049	2339
1049	2463
1052	2657
1052	2752
1054	1214
1054	1943
1057	299
1059	1337
1060	1979
1062	66
1062	2232
1063	1675
1063	2543
1064	1202
1064	1853
1064	2527
1065	750
1065	1065
1066	225
1066	245
1066	3204
1067	3021
1068	2899
1069	2503
1069	2504
1070	162
1070	894
1070	1625
1071	1422
1071	2128
1071	2822
1071	2829
1072	900
1072	1818
1073	21
1073	3303
1076	482
1077	83
1078	98
1078	2510
1078	2848
1079	1555
1080	2595
1081	896
1082	829
1082	3273
1083	331
1083	714
1084	1123
1085	3244
1086	1807
1087	1239
1087	2054
1088	335
1088	2953
1089	1400
1091	1471
1091	2874
1092	1579
1092	3185
1093	1990
1093	2424
1093	2425
1094	2052
1094	2899
1094	3051
1095	1074
1096	2638
1097	1
1097	138
1097	559
1097	1429
1097	1467
1097	1875
1097	1894
1097	2648
1097	2919
1097	2933
1098	47
1099	667
1099	1530
1100	1526
1101	469
1102	1939
1102	2602
1103	2911
1104	2871
1105	1894
1107	2497
1109	574
1109	1518
1110	1952
1111	1983
1111	2727
1112	154
1112	351
1112	1251
1112	1480
1112	1635
1112	1644
1112	1647
1112	2475
1112	2522
1112	2820
1112	2927
1112	3014
1115	3042
1115	3228
1117	373
1117	622
1117	912
1117	931
1117	1117
1117	1567
1117	1605
1117	1708
1117	1943
1117	2166
1117	2637
1117	2925
1118	1194
1119	2552
1122	2991
1123	1733
1123	2343
1125	716
1125	1031
1125	1125
1128	414
1129	2513
1130	144
1130	982
1130	1429
1130	1591
1130	1666
1130	2110
1130	2331
1131	138
1131	875
1131	1251
1131	1666
1132	76
1133	3259
1135	927
1135	1485
1135	2899
1135	3207
1136	2196
1137	2544
1138	2767
1139	2223
1140	487
1141	1241
1143	648
1143	1048
1143	3053
1143	3193
1144	1282
1144	1396
1144	2382
1145	81
1145	558
1145	2152
1146	1896
1147	1449
1149	1404
1150	365
1153	3078
1153	3079
1155	2353
1155	2442
1155	2467
1156	1738
1156	3133
1157	968
1157	1281
1157	1943
1158	2813
1159	710
1159	2755
1160	1432
1162	634
1163	282
1163	2348
1164	2344
1165	2041
1165	2462
1166	1166
1167	13
1167	1105
1167	1493
1167	2711
1169	1209
1170	582
1170	923
1170	1225
1170	2531
1170	2726
1171	1171
1172	1363
1174	431
1176	1821
1176	2435
1177	712
1177	1177
1178	69
1179	1707
1180	336
1180	561
1180	1366
1180	2580
1180	2643
1180	2848
1180	3025
1181	3316
1182	2960
1183	1366
1184	2186
1185	2955
1186	2306
1188	1021
1189	1767
1190	719
1190	2585
1191	3108
1192	2793
1193	1841
1193	1981
1194	2246
1195	749
1197	1896
1199	1993
1200	582
1200	1002
1201	97
1201	2572
1202	347
1202	2356
1203	664
1203	2438
1205	2830
1208	1007
1208	1767
1208	2060
1208	2877
1209	1169
1210	484
1210	2612
1211	1211
1211	2779
1211	2780
1212	1473
1213	2325
1214	51
1214	59
1214	220
1214	453
1214	585
1214	807
1214	941
1214	1012
1214	1034
1214	1054
1214	1219
1214	1230
1214	1290
1214	1644
1214	1724
1214	2053
1214	2230
1214	2444
1214	2475
1214	2650
1214	2782
1214	2786
1214	2824
1215	517
1217	1142
1219	453
1219	1214
1219	2564
1219	2782
1220	1629
1220	2472
1220	2670
1220	2868
1221	2054
1222	77
1222	1864
1222	2434
1222	2684
1223	990
1225	1170
1225	1932
1227	44
1227	2095
1227	2642
1228	1317
1230	229
1230	307
1230	1290
1230	2859
1231	1586
1232	2211
1232	2226
1232	2926
1235	2245
1236	696
1237	1431
1237	1553
1237	3219
1238	43
1238	2782
1239	1087
1239	1265
1239	3215
1240	129
1241	1694
1241	1907
1242	2311
1243	667
1244	2944
1244	3193
1245	2482
1246	922
1247	819
1248	146
1249	112
1249	2280
1250	732
1251	398
1251	1131
1251	1422
1251	1625
1251	1843
1251	1965
1251	2483
1252	3117
1253	1328
1253	1510
1253	1915
1253	2455
1254	2722
1255	588
1255	2537
1256	2259
1256	3046
1257	875
1258	1689
1259	267
1259	599
1259	749
1259	2897
1260	1981
1260	2219
1261	2480
1261	2481
1262	495
1262	2978
1264	565
1264	1044
1264	2174
1264	2369
1265	1239
1268	431
1269	1269
1270	1270
1271	1461
1272	624
1273	1422
1274	1739
1275	677
1275	985
1275	1015
1275	1731
1275	1825
1275	2361
1275	2444
1275	2506
1276	1291
1277	2725
1278	331
1280	921
1281	1157
1281	1943
1281	2226
1281	2234
1282	1144
1283	1370
1286	3286
1287	2058
1287	2940
1288	1648
1289	174
1290	27
1290	59
1290	307
1290	895
1290	1214
1290	1230
1290	2782
1291	1276
1294	668
1295	975
1296	280
1296	406
1296	772
1296	1585
1297	2393
1298	179
1298	2092
1299	2406
1300	75
1301	444
1301	965
1302	1022
1302	1271
1302	1461
1302	2601
1303	3047
1306	3180
1306	3181
1307	1865
1308	1769
1310	3221
1311	670
1311	2316
1311	2607
1312	1284
1313	1462
1313	3246
1314	3094
1316	3015
1319	217
1319	1603
1319	1770
1320	2629
1321	767
1321	3229
1322	96
1322	132
1323	1323
1324	1562
1324	2816
1324	2817
1325	101
1326	928
1326	2245
1326	2335
1327	2164
1328	1253
1328	3162
1330	565
1330	864
1330	1699
1330	2369
1331	772
1332	2777
1333	2711
1335	865
1335	2612
1336	1681
1339	2758
1340	101
1340	1080
1341	1925
1342	2396
1343	303
1343	1422
1343	1427
1343	1943
1343	2829
1344	2118
1346	2861
1346	2874
1347	699
1348	1574
1349	3129
1351	887
1351	2121
1352	1829
1353	2900
1354	2812
1355	2984
1356	1762
1357	12
1357	794
1360	1360
1362	468
1362	486
1362	509
1363	1822
1363	2512
1364	407
1364	2184
1364	2240
1365	1504
1366	561
1366	716
1366	876
1366	1058
1366	1180
1366	1183
1366	2088
1366	2580
1366	2581
1367	2947
1368	306
1369	371
1369	1981
1369	3071
1371	1962
1372	1841
1373	1885
1373	1948
1375	1375
1376	775
1377	1438
1378	2907
1379	1823
1379	2442
1380	1416
1381	1846
1381	2322
1382	3038
1383	515
1384	2779
1385	2452
1386	1635
1387	582
1388	47
1389	3043
1390	1231
1390	2173
1392	2634
1392	2857
1393	1721
1395	1044
1395	2323
1395	2866
1396	1144
1398	847
1398	1429
1398	2427
1399	1350
1399	1429
1399	2224
1400	1089
1401	1411
1401	2790
1403	1978
1404	1404
1406	1406
1407	1407
1408	1326
1409	2738
1410	300
1410	411
1410	579
1410	2345
1410	2814
1410	2815
1410	3294
1411	1286
1411	1726
1411	2366
1411	2367
1411	2368
1412	39
1412	3138
1413	787
1414	402
1415	1668
1416	740
1417	273
1417	2217
1419	114
1419	2339
1419	2389
1420	757
1421	992
1422	27
1422	29
1422	30
1422	59
1422	137
1422	181
1422	303
1422	314
1422	453
1422	495
1422	527
1422	528
1422	549
1422	616
1422	633
1422	807
1422	887
1422	941
1422	965
1422	968
1422	1009
1422	1034
1422	1157
1422	1219
1422	1251
1422	1414
1422	1582
1422	1590
1422	1630
1422	1644
1422	1658
1422	1724
1422	1834
1422	2021
1422	2023
1422	2047
1422	2053
1422	2115
1422	2116
1422	2139
1422	2230
1422	2254
1422	2257
1422	2396
1422	2398
1422	2435
1422	2475
1422	2490
1422	2585
1422	2649
1422	2650
1422	2663
1422	2681
1422	2785
1422	2821
1422	2822
1422	2824
1422	2825
1422	2826
1422	2827
1422	2828
1423	2059
1424	709
1424	764
1426	1033
1427	2925
1428	1884
1429	43
1429	144
1429	1097
1429	1399
1429	1625
1429	1759
1429	2331
1429	2421
1429	2520
1431	3
1432	1160
1433	3064
1433	3065
1434	101
1434	204
1435	1854
1436	1810
1437	812
1438	1377
1439	2626
1440	953
1440	2124
1441	1762
1441	2669
1443	61
1443	2013
1444	211
1445	2020
1445	2401
1446	1574
1447	28
1447	595
1447	641
1447	2560
1447	2811
1448	1971
1448	2738
1449	1147
1449	1324
1449	2606
1450	1505
1451	19
1451	3308
1452	345
1453	198
1453	1625
1453	1875
1455	2734
1456	2188
1457	2156
1457	2956
1458	2972
1459	841
1459	1459
1460	629
1460	737
1461	1022
1461	2601
1462	1313
1462	2039
1462	3246
1463	2704
1464	1551
1465	2832
1467	1097
1468	1867
1468	2350
1469	920
1470	633
1470	1422
1471	603
1472	1813
1472	2210
1472	2646
1472	3046
1473	468
1473	1212
1474	70
1474	991
1476	2655
1477	541
1478	469
1480	303
1480	2782
1483	1795
1484	1920
1485	1135
1486	1864
1490	2033
1491	666
1491	1487
1491	2060
1492	1625
1492	2565
1493	1023
1493	1167
1493	1894
1493	2712
1494	2239
1495	1929
1497	2336
1498	515
1499	3135
1501	6
1503	1503
1504	1365
1504	1933
1505	829
1505	1450
1505	2411
1505	3273
1506	623
1507	3001
1508	461
1509	3056
1510	49
1511	2502
1512	759
1515	2050
1516	582
1517	847
1517	1580
1517	1875
1517	2183
1517	2362
1518	574
1518	1109
1518	1518
1519	3226
1520	1520
1521	854
1522	194
1522	397
1522	2335
1523	3169
1523	3170
1523	3171
1523	3172
1527	81
1529	409
1529	3199
1530	667
1531	300
1531	484
1531	579
1532	450
1532	1915
1533	113
1533	2927
1534	208
1534	404
1536	265
1536	319
1538	114
1539	2653
1541	3100
1542	2558
1543	449
1543	2732
1544	2895
1545	1000
1546	772
1547	2432
1548	2271
1548	3268
1549	1549
1550	2036
1551	3274
1552	1552
1553	1237
1554	943
1554	3044
1555	2469
1557	172
1557	709
1557	1028
1557	3227
1562	774
1562	1324
1563	280
1563	3062
1564	1029
1567	16
1567	314
1567	616
1567	691
1567	886
1567	965
1567	968
1567	1117
1567	1708
1567	2182
1567	2416
1567	2637
1567	2655
1567	2925
1568	2680
1568	2766
1568	2767
1569	908
1569	2708
1570	486
1570	1202
1570	2356
1571	2055
1571	3117
1571	3119
1572	3049
1574	825
1574	1348
1575	1944
1577	1882
1578	28
1579	1092
1580	1517
1580	2183
1580	2361
1580	2880
1581	3242
1582	242
1582	2032
1582	2299
1583	517
1583	1011
1583	2584
1583	3080
1584	946
1584	2379
1585	293
1585	483
1585	813
1585	1211
1585	1296
1585	2020
1585	2770
1585	2771
1585	2779
1586	562
1586	1231
1586	3241
1587	1399
1587	1625
1587	1989
1587	2420
1587	2421
1587	2422
1587	2919
1588	2468
1589	2453
1589	3272
1590	1422
1591	770
1591	982
1591	1665
1591	2293
1593	1559
1594	202
1596	283
1596	1045
1596	3252
1598	2285
1599	453
1600	336
1600	1180
1600	1183
1600	3025
1601	2700
1603	217
1603	2867
1605	16
1605	968
1605	1117
1605	1708
1605	1943
1605	2415
1605	2416
1605	2637
1605	2925
1607	51
1607	1034
1607	2475
1609	1131
1610	1733
1610	3022
1612	2307
1613	690
1615	2646
1616	160
1616	934
1617	1034
1617	1724
1617	2211
1617	2475
1617	3014
1618	1864
1619	1044
1620	62
1620	194
1620	304
1620	429
1620	494
1620	541
1620	808
1620	1027
1620	1087
1620	1326
1620	1817
1620	1826
1620	2245
1620	2335
1620	2440
1620	2631
1620	2636
1620	2721
1621	856
1622	150
1623	1627
1624	3037
1625	31
1625	875
1625	1019
1625	1070
1625	1097
1625	1251
1625	1429
1625	1587
1625	1609
1625	1759
1625	1821
1625	1965
1625	2621
1625	2638
1625	2680
1625	2681
1626	2856
1627	1623
1629	2473
1630	451
1630	2621
1633	2622
1634	2208
1635	1112
1637	259
1638	951
1639	102
1640	1580
1640	2183
1641	530
1642	2474
1643	3325
1644	453
1644	492
1644	1034
1644	1112
1644	1422
1644	2021
1644	2247
1644	2404
1644	2782
1646	1898
1647	147
1647	428
1648	2266
1649	1805
1650	120
1655	216
1655	434
1655	650
1655	2331
1655	3209
1656	455
1656	1656
1658	1422
1659	1120
1660	405
1660	582
1661	2272
1662	3185
1663	346
1664	3297
1665	468
1665	872
1665	1591
1665	2633
1666	1130
1666	1230
1666	1399
1666	1989
1667	3286
1668	154
1668	894
1668	1008
1668	1415
1668	2399
1669	297
1670	10
1670	1665
1670	3256
1671	792
1672	877
1672	1155
1672	1971
1674	1503
1675	1063
1675	2543
1676	471
1676	2554
1676	2588
1677	156
1678	28
1678	2316
1679	3295
1682	695
1683	2220
1683	2448
1683	2449
1683	2451
1686	114
1687	969
1687	3220
1688	1914
1689	1258
1692	334
1693	582
1694	1241
1694	2486
1695	2037
1695	3090
1696	1760
1698	1419
1698	1705
1698	2586
1699	2369
1700	385
1701	201
1701	582
1702	136
1703	1010
1704	110
1704	541
1704	1551
1704	2332
1705	1560
1705	2114
1705	2559
1707	667
1708	314
1708	616
1708	622
1708	912
1708	1943
1708	2416
1708	2637
1710	87
1710	2112
1710	2215
1710	2918
1711	1774
1713	140
1714	1653
1714	1869
1716	947
1717	629
1717	2630
1718	218
1718	404
1718	438
1718	2703
1718	2705
1719	2589
1720	659
1721	1220
1721	1393
1721	1959
1721	2670
1721	2672
1723	747
1724	529
1724	1198
1724	1422
1724	1617
1724	1958
1725	715
1725	2868
1726	2368
1727	1865
1728	352
1729	2345
1730	2516
1731	43
1731	237
1731	1943
1731	2443
1731	2774
1732	2033
1733	1123
1733	3305
1733	3306
1734	61
1736	138
1736	242
1736	982
1738	1156
1740	661
1740	2638
1741	643
1745	37
1746	371
1746	1981
1747	2121
1747	2390
1748	102
1750	3321
1751	460
1751	2319
1752	1616
1753	582
1755	170
1755	2363
1756	423
1757	3030
1758	347
1758	416
1758	1417
1759	1625
1759	1918
1759	2621
1760	12
1760	1696
1761	2429
1761	2565
1762	1441
1763	1535
1764	533
1764	978
1765	1765
1766	1991
1766	3183
1767	1189
1767	1208
1767	1491
1768	1964
1769	1308
1769	2767
1770	148
1770	2867
1771	1778
1772	254
1772	1822
1772	1890
1772	2067
1774	1702
1775	1873
1776	804
1778	3257
1779	832
1779	2974
1780	863
1781	2659
1782	269
1782	441
1782	2458
1783	539
1783	697
1784	2231
1789	812
1791	1196
1791	2055
1791	2819
1792	3265
1793	375
1794	914
1795	859
1795	1483
1795	1821
1797	637
1798	2526
1799	1811
1800	2847
1801	1003
1802	189
1802	1044
1802	2323
1803	858
1804	2458
1805	1649
1806	2804
1806	2865
1807	1086
1808	473
1808	2202
1808	3011
1809	266
1809	500
1809	3249
1810	3037
1811	1292
1811	1879
1811	2091
1811	2102
1812	413
1813	1472
1813	3294
1816	1005
1817	1620
1818	615
1818	1072
1818	1992
1818	2030
1819	109
1820	1954
1821	549
1821	1795
1821	2200
1822	33
1822	784
1822	1363
1822	1772
1822	1822
1822	1903
1822	2180
1822	2222
1822	3107
1822	3194
1822	3220
1822	3271
1823	195
1824	1883
1825	1275
1825	2443
1827	3204
1828	443
1828	857
1829	1352
1830	522
1831	2264
1831	2377
1831	2626
1832	920
1832	2163
1834	1422
1835	286
1835	1415
1835	2122
1836	670
1836	1683
1836	2578
1840	523
1840	2348
1841	1372
1842	2646
1843	398
1843	1251
1843	1583
1845	44
1845	2746
1847	1151
1847	1907
1849	2400
1850	1933
1851	3125
1852	2018
1853	347
1853	468
1853	1009
1853	1064
1853	1429
1853	2488
1853	2527
1854	802
1855	1123
1855	2343
1856	2979
1857	86
1858	2031
1858	2543
1858	3035
1859	2221
1860	179
1861	76
1862	2582
1863	2368
1864	675
1864	1618
1864	2509
1865	541
1865	674
1865	1307
1865	1727
1865	2283
1865	3046
1867	1468
1867	2357
1868	1186
1868	1218
1868	2729
1868	3068
1869	341
1869	1714
1871	2478
1872	2655
1873	1775
1874	293
1874	813
1874	1585
1875	1453
1875	1625
1875	1989
1875	2360
1875	2399
1875	2426
1876	1636
1877	548
1877	1609
1879	322
1879	607
1879	1097
1879	1333
1879	1986
1879	2205
1882	1577
1883	557
1883	1824
1884	1428
1885	1373
1886	1886
1887	576
1887	2232
1887	2233
1887	2358
1887	2431
1888	2093
1889	2516
1890	2222
1891	974
1891	3046
1892	1345
1893	639
1894	13
1894	1493
1894	2584
1894	2648
1895	2383
1896	72
1896	218
1896	404
1896	438
1896	717
1896	997
1896	1145
1896	1146
1896	2048
1896	2703
1896	2704
1896	2705
1896	2706
1898	1646
1901	1167
1901	2648
1902	717
1902	2703
1902	2976
1903	2420
1903	2493
1904	167
1904	2666
1905	933
1906	2127
1906	3155
1907	226
1907	1241
1907	3232
1908	3301
1910	2925
1910	3129
1911	121
1912	2080
1914	1688
1915	450
1915	544
1915	1253
1915	1532
1915	2302
1918	307
1918	875
1918	1759
1918	1995
1918	2444
1918	2649
1918	2797
1921	582
1921	637
1922	557
1923	2183
1925	1341
1926	2945
1927	191
1927	2550
1928	279
1928	2326
1932	3046
1933	1365
1933	1504
1933	1850
1933	2539
1933	3008
1934	2265
1935	640
1937	2069
1938	1623
1938	1627
1939	1102
1939	2447
1940	136
1940	2404
1940	2405
1941	2998
1942	23
1943	289
1943	314
1943	527
1943	616
1943	622
1943	1054
1943	1117
1943	1157
1943	1281
1943	1343
1943	1708
1943	1731
1943	2226
1943	2234
1943	2396
1943	2398
1943	2416
1943	2775
1943	2823
1944	506
1944	1575
1944	2534
1944	2535
1946	2899
1948	357
1948	999
1948	1373
1949	970
1949	3075
1950	1079
1953	2041
1953	2848
1954	1820
1956	1879
1956	1965
1956	2759
1957	2171
1959	1721
1960	67
1960	671
1962	1371
1963	842
1964	1768
1965	450
1965	1251
1965	1625
1965	1956
1965	2488
1965	2964
1967	285
1967	637
1967	721
1967	2066
1967	2672
1968	230
1970	811
1971	177
1971	577
1971	1030
1971	1448
1971	1672
1971	2354
1971	2479
1972	3245
1973	1430
1975	1614
1977	933
1979	679
1979	1060
1979	2800
1980	2655
1981	2340
1981	3071
1982	470
1983	1111
1985	2909
1986	1879
1986	2711
1988	2408
1989	1429
1989	1587
1989	1666
1989	2426
1989	2427
1989	3027
1990	1093
1990	2161
1990	2424
1991	209
1991	348
1991	364
1991	1766
1992	123
1992	455
1992	884
1992	1818
1992	2347
1992	2819
1992	3139
1995	2089
1996	435
1996	2880
1997	1997
1997	2107
1999	2578
2001	198
2002	2398
2005	567
2005	2713
2005	2731
2006	987
2007	3269
2009	58
2009	284
2010	943
2010	3044
2012	2746
2013	1734
2014	2172
2015	278
2017	2174
2017	2410
2019	870
2020	483
2020	1445
2020	1585
2020	2510
2021	27
2021	895
2021	1422
2021	1644
2023	229
2023	1012
2023	1214
2023	1290
2023	2282
2023	2782
2024	850
2025	304
2026	3279
2027	24
2028	429
2028	707
2029	3205
2030	1818
2031	1858
2032	2299
2033	1732
2033	2474
2034	11
2035	700
2035	1829
2036	1550
2037	3090
2038	2907
2040	2957
2041	1165
2041	1953
2041	3224
2044	2518
2045	2783
2046	984
2047	1422
2047	2991
2048	1896
2050	1515
2050	2587
2051	2465
2052	1094
2053	453
2053	1214
2053	1422
2054	1221
2055	1571
2056	3243
2057	25
2057	1130
2058	1287
2058	2727
2059	28
2059	142
2059	1423
2060	1208
2060	1491
2061	366
2062	1030
2062	1971
2062	2378
2062	3160
2063	61
2063	247
2063	548
2063	796
2063	1484
2063	1835
2063	2113
2063	2912
2064	2396
2065	2686
2066	1967
2066	2189
2066	2562
2067	1411
2067	1543
2067	2499
2067	2732
2068	148
2068	2068
2069	1937
2071	1611
2073	347
2076	189
2076	2011
2077	1828
2078	1374
2078	2078
2079	233
2080	577
2080	2346
2080	2661
2081	769
2083	2106
2084	2197
2085	1002
2087	891
2088	247
2088	1366
2089	468
2089	680
2089	2217
2090	2949
2091	1811
2092	1860
2092	2436
2092	2722
2092	3222
2093	1888
2094	2975
2095	1227
2095	2335
2097	213
2097	968
2097	993
2097	2564
2097	2774
2097	2925
2098	980
2099	459
2099	757
2103	2103
2104	938
2104	3276
2106	2083
2107	1997
2107	2398
2108	1021
2109	2906
2110	144
2110	1130
2110	1398
2110	1587
2111	389
2112	1307
2112	1710
2113	61
2113	2063
2114	427
2114	1705
2114	2559
2115	1422
2115	2967
2116	303
2116	586
2116	1422
2116	1599
2118	1344
2119	55
2119	796
2119	2196
2120	3009
2121	1351
2122	1835
2122	2399
2124	1440
2125	2821
2127	1906
2128	1071
2129	426
2130	2130
2130	2478
2132	2275
2132	2631
2133	160
2134	582
2134	624
2134	2911
2136	2505
2137	7
2137	108
2140	743
2141	292
2141	2854
2144	2250
2145	903
2146	2500
2147	1429
2147	1587
2150	17
2151	493
2152	1145
2153	2345
2153	3202
2153	3294
2154	429
2154	3215
2155	380
2155	3188
2157	370
2158	100
2158	1026
2161	1093
2162	2622
2163	526
2163	1832
2163	2547
2164	1327
2165	2561
2166	16
2166	314
2166	616
2166	691
2166	965
2166	1117
2166	2204
2166	2637
2168	1767
2169	191
2169	3276
2171	1957
2172	2014
2173	1390
2174	98
2174	709
2174	1264
2174	1359
2174	1802
2174	2413
2174	2439
2174	2509
2174	2861
2176	917
2176	2853
2178	861
2178	3240
2180	1822
2180	3107
2181	492
2181	686
2181	835
2181	1422
2181	2181
2182	693
2182	850
2182	886
2182	1567
2183	1517
2183	1580
2183	1640
2183	1923
2183	2311
2183	2361
2185	361
2185	590
2185	2206
2185	3149
2185	3150
2187	1838
2188	1456
2189	379
2189	637
2189	1087
2189	2066
2189	2921
2189	3017
2189	3215
2191	560
2193	2742
2194	2194
2195	2566
2196	242
2196	450
2196	968
2196	2119
2196	2507
2196	3266
2197	2084
2198	102
2200	2435
2201	1502
2202	843
2202	1808
2202	2524
2203	476
2204	413
2204	1567
2204	2166
2204	2596
2205	1875
2205	1879
2206	2868
2207	2532
2208	3128
2209	1787
2209	2554
2209	2604
2210	1239
2210	1472
2211	1232
2211	1617
2212	566
2212	865
2213	739
2214	452
2214	652
2215	1461
2215	1710
2217	273
2217	396
2217	468
2217	1758
2217	2196
2217	2633
2217	2645
2218	638
2219	723
2219	2339
2220	265
2220	319
2220	1683
2221	1690
2222	1890
2222	2067
2224	1399
2224	1777
2224	2675
2224	2676
2225	578
2226	962
2226	968
2226	1281
2226	2361
2226	2435
2227	321
2228	38
2228	49
2228	148
2228	491
2228	2363
2230	307
2230	1214
2230	2622
2230	2784
2231	1784
2232	1887
2233	1887
2233	2372
2234	965
2234	968
2234	1281
2234	1943
2234	2829
2235	744
2236	481
2237	422
2237	3269
2238	344
2240	1364
2241	718
2242	992
2243	1402
2243	1737
2244	2868
2245	70
2245	1326
2245	1522
2245	1620
2245	2095
2246	1194
2247	887
2247	1644
2249	582
2250	2399
2251	1788
2252	3231
2252	3232
2254	219
2254	303
2254	1422
2257	755
2257	1422
2257	2596
2258	582
2259	1046
2259	1256
2259	1437
2259	1919
2260	662
2261	777
2262	182
2262	3295
2263	2408
2264	147
2264	661
2264	1831
2264	1997
2264	2638
2264	2942
2266	865
2266	1648
2269	95
2269	541
2269	1551
2269	2332
2269	3274
2271	82
2271	1548
2272	1661
2273	2022
2274	499
2275	421
2275	2899
2276	1348
2277	255
2277	2655
2278	2259
2279	2279
2280	1249
2281	2651
2282	27
2282	644
2282	887
2282	1012
2282	2829
2283	1865
2284	98
2284	2297
2285	1598
2286	2965
2287	534
2288	2541
2290	617
2290	619
2291	2828
2292	504
2292	2950
2293	724
2295	450
2297	98
2297	2284
2298	953
2299	242
2299	450
2299	468
2300	376
2301	915
2302	544
2305	942
2306	1186
2306	3156
2307	1612
2307	2175
2308	2341
2309	2334
2309	3167
2309	3168
2310	731
2311	1242
2311	2183
2311	2361
2311	2880
2312	28
2312	1654
2312	1967
2314	28
2314	471
2314	2339
2314	2739
2315	136
2316	28
2316	392
2317	436
2319	630
2319	1751
2319	1757
2320	1028
2320	2321
2320	2322
2320	3227
2321	620
2322	172
2322	1381
2322	1557
2322	2320
2323	1044
2323	1395
2323	1619
2323	2434
2325	593
2325	1213
2326	279
2326	1928
2328	1031
2328	1812
2329	716
2329	1031
2329	1180
2329	2614
2329	2682
2330	1011
2331	25
2331	1130
2331	1429
2331	1558
2331	1587
2332	2269
2333	2334
2334	2309
2334	2333
2334	2538
2335	1235
2335	1522
2335	2095
2336	1497
2337	762
2339	362
2339	815
2339	1049
2339	1917
2339	2338
2339	2463
2339	3071
2339	3282
2340	362
2340	1981
2341	2308
2342	3045
2343	1084
2343	1855
2344	1164
2345	465
2345	1410
2345	1729
2345	2153
2345	2346
2345	2347
2346	1785
2346	2080
2348	1163
2348	1840
2348	2349
2349	523
2349	1840
2349	2348
2350	1468
2350	1948
2351	357
2351	999
2351	1867
2351	2350
2352	431
2352	1268
2352	2407
2353	1155
2353	1448
2353	1672
2353	2354
2354	2353
2355	2356
2356	1202
2357	1867
2357	1887
2357	2358
2359	2359
2360	2362
2361	434
2361	1580
2361	2226
2361	2360
2361	2506
2362	1517
2362	1580
2362	2360
2362	2506
2363	881
2363	1540
2363	1755
2363	2228
2363	3164
2364	2228
2365	74
2365	3163
2366	78
2366	1286
2366	2790
2366	3286
2367	1411
2367	2541
2367	2549
2367	2790
2368	374
2368	1411
2368	1726
2368	2943
2369	1264
2369	1330
2369	1699
2370	69
2371	2371
2372	1030
2372	2233
2372	2373
2373	1971
2374	2372
2375	761
2375	1379
2375	2372
2376	625
2377	816
2377	937
2377	1831
2378	54
2379	946
2379	2380
2380	618
2380	1584
2380	2534
2381	1396
2382	2381
2383	1895
2383	2316
2384	583
2385	756
2385	2893
2387	1583
2388	38
2388	2389
2390	1747
2390	2121
2391	582
2392	2393
2393	1297
2393	2392
2395	2394
2395	2460
2396	528
2396	1122
2396	1663
2396	1943
2396	2397
2398	237
2398	1214
2398	1343
2398	1943
2398	2396
2399	350
2399	1070
2399	1668
2399	1875
2399	2122
2399	2250
2399	2861
2400	1326
2400	1545
2400	3089
2401	286
2401	1445
2401	1877
2401	2312
2401	2924
2401	2959
2402	520
2402	2380
2404	147
2404	428
2404	492
2404	715
2404	887
2404	2919
2405	377
2405	428
2405	661
2405	715
2406	443
2406	857
2408	1988
2409	164
2411	68
2411	1505
2412	552
2412	1352
2413	620
2413	2174
2414	81
2414	558
2414	591
2415	616
2415	1605
2415	2597
2416	16
2416	373
2416	912
2416	1605
2416	1943
2416	2490
2416	2597
2417	2597
2418	622
2418	962
2418	1943
2418	2597
2420	746
2420	1429
2420	1542
2420	1587
2420	1903
2420	2558
2421	1587
2421	2147
2422	263
2422	1130
2422	2427
2422	2655
2423	1093
2423	2424
2424	1990
2424	2161
2424	2424
2424	2425
2425	1093
2425	3011
2426	816
2426	1989
2426	2426
2427	993
2427	1666
2427	2422
2428	76
2428	1875
2429	414
2429	2565
2430	2337
2431	1887
2431	2358
2432	1547
2433	208
2433	218
2434	976
2434	1222
2434	2323
2434	2434
2434	2654
2435	1666
2435	2488
2435	2882
2436	179
2436	2092
2437	1442
2438	664
2438	1203
2439	620
2440	412
2440	637
2442	177
2442	1155
2443	985
2443	1731
2443	1825
2443	2506
2444	361
2444	1214
2444	1275
2444	1918
2444	2443
2444	2649
2445	2955
2446	1878
2447	1836
2447	1932
2447	1939
2447	2220
2447	2449
2448	1683
2449	1683
2449	2447
2450	1683
2450	2259
2452	265
2455	49
2455	1253
2455	2861
2458	604
2458	2460
2458	2461
2460	1844
2461	2458
2462	1585
2462	2041
2463	371
2463	1049
2464	567
2464	3120
2465	2051
2466	744
2466	1698
2467	877
2467	1155
2469	278
2469	1555
2470	2469
2472	1220
2473	1629
2473	1721
2473	2472
2473	2670
2473	2672
2473	2868
2474	150
2474	1642
2475	220
2475	1012
2475	1034
2475	1607
2475	1617
2475	2782
2475	2829
2475	2925
2476	792
2478	975
2478	1575
2479	1971
2480	1261
2480	2480
2480	2481
2481	691
2481	2597
2483	1251
2484	565
2485	214
2485	1568
2485	2767
2486	567
2486	2255
2487	138
2487	2489
2488	755
2488	1853
2488	2435
2488	2487
2489	2487
2490	912
2490	1422
2490	2416
2491	2492
2492	669
2494	1471
2494	2954
2494	3128
2495	2646
2496	1107
2497	3288
2497	3296
2498	3274
2499	2067
2501	441
2501	960
2502	1511
2503	1069
2505	650
2505	2136
2506	677
2506	1238
2506	2324
2506	2362
2506	2507
2507	186
2507	2506
2507	2520
2507	2883
2508	196
2509	1864
2509	2511
2509	2875
2510	98
2510	1078
2510	1259
2510	2020
2510	2509
2512	884
2513	1129
2513	2514
2514	1032
2514	2513
2514	3241
2515	654
2515	2911
2516	1730
2516	1889
2516	2517
2517	329
2517	2751
2519	136
2519	395
2519	396
2519	450
2519	882
2519	930
2519	2196
2519	2217
2519	2718
2519	2719
2519	2720
2520	847
2520	1429
2520	2507
2522	1112
2522	2523
2523	2523
2524	2202
2524	3249
2525	51
2525	2525
2526	1798
2527	347
2527	1064
2527	1202
2527	1758
2528	50
2529	50
2529	971
2529	1263
2530	76
2531	1039
2531	1170
2532	2207
2533	415
2534	2837
2536	668
2537	588
2537	1255
2538	2334
2538	2642
2539	463
2540	463
2541	2288
2541	3152
2543	958
2543	1063
2545	889
2545	2799
2546	152
2547	920
2547	2316
2548	2140
2549	3152
2550	1927
2551	843
2552	1119
2553	1381
2554	713
2554	1676
2554	2209
2554	2555
2558	1542
2559	840
2559	1705
2559	2477
2560	777
2560	1447
2561	543
2561	2165
2562	637
2562	808
2564	237
2564	941
2564	968
2564	1219
2564	2665
2565	1492
2565	1761
2565	2429
2566	2195
2569	2016
2569	3250
2570	57
2571	170
2572	97
2572	902
2572	1201
2573	525
2573	2574
2574	648
2575	648
2575	2573
2577	525
2577	705
2578	670
2578	924
2578	1999
2578	2212
2579	253
2579	843
2579	949
2579	2551
2580	1180
2580	2580
2580	2581
2581	336
2581	1180
2581	1366
2581	2580
2582	1862
2583	2583
2584	535
2584	1583
2584	1894
2585	755
2585	1190
2585	2828
2586	744
2588	471
2588	1676
2588	2314
2589	998
2589	1719
2589	3066
2590	935
2592	847
2592	2073
2594	394
2594	1333
2596	314
2596	616
2596	622
2596	850
2596	2481
2596	2597
2596	2598
2597	16
2597	616
2597	622
2597	2415
2597	2417
2597	2418
2597	2481
2597	2596
2598	136
2598	2596
2599	2596
2599	3300
2600	2600
2601	1271
2601	1302
2601	1461
2602	1102
2603	613
2603	1441
2603	1667
2604	2555
2605	620
2605	1028
2607	1311
2608	1027
2609	56
2609	2608
2610	2611
2610	2612
2611	2610
2612	1335
2613	247
2613	2614
2614	2329
2615	216
2616	817
2617	2618
2618	2617
2619	188
2619	266
2621	1625
2621	1759
2622	10
2622	395
2622	468
2622	755
2622	1422
2622	1633
2622	2830
2624	483
2625	147
2625	428
2625	2650
2626	428
2626	1112
2626	1439
2627	2628
2628	1890
2629	1320
2630	1717
2631	1620
2631	2132
2631	2899
2632	492
2632	1625
2632	2239
2632	2649
2632	2650
2632	2651
2633	43
2633	770
2633	847
2633	968
2633	1665
2633	1759
2634	222
2634	1392
2635	2000
2636	95
2637	314
2637	622
2637	2166
2637	2417
2638	180
2638	351
2638	1096
2638	1740
2638	2404
2638	2405
2638	2639
2639	351
2640	661
2640	2638
2640	2641
2641	2638
2641	2640
2642	338
2643	247
2643	1180
2644	76
2644	312
2644	1457
2645	768
2645	2217
2646	319
2646	516
2646	540
2646	819
2646	1615
2646	1842
2646	2278
2646	2450
2646	2495
2646	3017
2646	3018
2647	517
2647	648
2648	1097
2648	1894
2648	1901
2649	361
2649	2444
2649	2632
2650	755
2650	1422
2650	2444
2650	2632
2651	302
2651	2021
2651	2281
2651	2827
2651	2828
2652	2358
2653	1539
2653	3291
2655	42
2655	263
2655	444
2655	1980
2655	2422
2656	951
2659	109
2659	1781
2660	917
2660	2853
2660	3255
2661	2080
2662	2080
2663	755
2664	1422
2665	755
2665	2564
2665	2784
2666	1904
2667	453
2667	941
2667	1219
2667	2128
2667	2786
2668	1422
2669	1441
2669	2603
2670	1220
2670	2671
2670	2672
2672	1967
2672	2473
2672	2670
2673	615
2673	2670
2673	3284
2674	286
2675	994
2675	2224
2676	2224
2677	114
2678	1883
2679	176
2679	795
2680	1131
2680	1308
2680	1625
2681	627
2681	1012
2681	1131
2681	1422
2681	1625
2681	2886
2682	2329
2683	721
2685	2686
2686	2065
2687	2442
2688	2689
2691	1606
2692	865
2693	873
2694	1456
2695	2694
2696	179
2697	2696
2699	977
2700	1601
2703	208
2703	218
2703	404
2703	438
2703	1035
2703	1534
2703	2170
2703	2703
2703	2705
2703	2706
2703	2966
2704	1463
2704	2414
2705	208
2705	404
2705	1718
2705	1896
2705	2706
2705	2966
2706	404
2706	438
2706	1896
2706	2703
2706	2705
2708	1569
2708	1896
2709	1023
2711	13
2711	394
2711	1333
2711	1894
2711	1986
2712	1493
2713	226
2713	2005
2713	3232
2714	1161
2715	1480
2715	2714
2716	160
2717	2151
2718	2519
2718	2720
2719	413
2720	2519
2720	2718
2721	541
2721	2028
2722	704
2722	1254
2722	2092
2724	2724
2726	2727
2727	711
2729	26
2729	222
2729	1435
2729	1868
2730	567
2730	1435
2730	2729
2730	2898
2731	1847
2731	2005
2732	254
2732	2067
2732	2733
2733	254
2733	2067
2733	2492
2733	2732
2734	142
2734	819
2734	1002
2734	1455
2736	451
2738	1409
2738	2737
2739	856
2739	2741
2740	2189
2740	2739
2741	2739
2742	2193
2745	541
2745	703
2746	2012
2748	2747
2750	2679
2751	1889
2751	2517
2752	1052
2755	1159
2757	1106
2758	1339
2759	1956
2762	2999
2763	2761
2764	2765
2765	2764
2766	1568
2767	1138
2767	1568
2767	1769
2768	886
2769	886
2770	1585
2771	670
2771	813
2771	1585
2772	2773
2772	3272
2773	214
2773	2772
2773	3272
2774	993
2774	1731
2774	2097
2774	2829
2774	2925
2774	2968
2775	1301
2775	1943
2775	2925
2776	106
2776	1246
2776	2189
2776	2643
2777	1332
2778	973
2779	1211
2779	1585
2779	2780
2780	1211
2781	2027
2782	220
2782	229
2782	307
2782	453
2782	586
2782	807
2782	835
2782	887
2782	937
2782	941
2782	968
2782	1034
2782	1219
2782	1238
2782	1644
2782	2230
2782	2475
2782	2585
2782	2783
2782	2784
2782	2786
2783	1015
2783	1422
2783	2045
2783	2782
2784	453
2784	2782
2785	229
2785	1012
2785	1422
2786	453
2786	1214
2786	2782
2788	2938
2789	339
2789	2149
2790	374
2790	1286
2790	1401
2790	2067
2790	2366
2790	2368
2792	695
2793	1192
2794	1173
2794	2795
2797	875
2799	889
2804	165
2804	2805
2805	2804
2805	2908
2806	2807
2808	387
2810	514
2811	1447
2811	1837
2812	441
2812	2615
2813	1158
2815	300
2815	411
2815	1410
2815	2814
2816	1324
2817	1324
2818	2008
2819	1033
2819	1791
2819	1992
2820	1422
2820	2925
2820	3324
2821	1422
2821	2125
2822	1422
2823	1422
2823	1943
2824	1214
2824	1422
2824	3308
2825	1262
2826	59
2826	1422
2827	686
2827	1976
2827	2651
2828	51
2828	2291
2828	2585
2829	965
2829	968
2829	1071
2829	1157
2829	1343
2829	1422
2829	2097
2829	2282
2829	2398
2829	2475
2829	2774
2829	2967
2829	2968
2830	1205
2830	1422
2830	2622
2830	2859
2831	2570
2832	1465
2832	2833
2833	2832
2834	507
2835	212
2835	783
2836	212
2836	2835
2837	783
2837	2534
2838	29
2839	887
2840	541
2840	587
2841	2127
2842	200
2843	200
2844	430
2844	504
2845	624
2845	777
2848	561
2848	876
2848	1600
2849	2850
2850	2849
2851	2852
2852	2851
2853	296
2853	1226
2853	2176
2853	2660
2855	101
2857	222
2857	1392
2859	887
2859	2830
2860	2230
2861	241
2861	1346
2861	1414
2861	1634
2861	2399
2861	2494
2863	851
2863	929
2863	2657
2863	2864
2864	2863
2865	1806
2866	874
2866	1355
2866	1634
2866	2583
2867	217
2867	1603
2867	1770
2868	590
2868	2206
2868	2244
2868	2473
2868	2870
2869	2868
2870	2868
2871	1104
2872	2873
2873	2872
2874	864
2874	1346
2874	2874
2876	2876
2877	1208
2878	2342
2879	1055
2880	2311
2881	2881
2882	968
2883	186
2884	1890
2885	1815
2886	2681
2889	608
2889	2890
2891	486
2891	1115
2892	2117
2893	85
2893	2385
2894	2159
2895	1544
2895	2159
2896	2897
2897	2896
2898	567
2898	1435
2899	203
2899	550
2899	634
2899	927
2899	1094
2899	1135
2899	1946
2899	2631
2899	2900
2899	2901
2899	2902
2899	2903
2900	194
2900	1353
2900	2899
2901	2899
2905	2904
2905	3175
2909	167
2909	998
2909	1970
2909	1985
2910	610
2911	442
2911	1103
2911	2515
2911	2646
2911	3017
2911	3046
2911	3317
2912	2113
2913	2292
2915	2914
2917	2916
2918	1710
2919	1
2919	158
2919	1097
2919	1575
2919	1587
2919	2404
2920	582
2920	1004
2921	582
2921	745
2921	2189
2922	437
2922	635
2925	153
2925	912
2925	993
2925	1010
2925	1034
2925	1427
2925	1567
2925	1708
2925	2774
2925	2775
2925	2967
2926	1232
2926	2927
2927	706
2927	1112
2927	1533
2927	1617
2928	214
2928	702
2930	308
2931	316
2931	2952
2933	1
2933	2933
2935	2934
2936	310
2936	1878
2936	2937
2938	2788
2939	93
2939	690
2940	656
2940	1287
2941	175
2943	2072
2945	782
2945	1595
2945	1870
2947	1367
2947	2960
2948	331
2949	2090
2949	3011
2950	2292
2950	2952
2951	2950
2954	1471
2955	76
2955	381
2955	1185
2955	1457
2955	2957
2957	2082
2957	2445
2957	2955
2958	1175
2958	2096
2959	2401
2960	1182
2960	2947
2962	320
2963	812
2964	768
2964	1473
2964	1965
2965	694
2965	2286
2966	208
2966	404
2966	2705
2967	2968
2968	2774
2968	2829
2968	2967
2969	903
2970	257
2970	1722
2971	2142
2972	1458
2973	3009
2974	497
2974	1779
2974	1936
2975	497
2975	2974
2976	81
2976	717
2976	1902
2977	729
2978	1262
2979	230
2979	1856
2980	681
2982	952
2983	432
2984	313
2984	1355
2984	2866
2985	2986
2987	730
2989	389
2989	1984
2989	2989
2991	1122
2992	60
2993	234
2994	49
2994	491
2994	2984
2995	391
2996	2997
2997	2996
2998	1941
2999	1006
2999	2762
3000	2828
3001	1507
3002	336
3003	3004
3003	3005
3005	3003
3006	354
3007	690
3007	3249
3009	32
3009	2631
3010	550
3010	1162
3011	1808
3011	2425
3011	2949
3012	228
3014	965
3014	1112
3014	1617
3017	83
3017	455
3017	582
3017	2189
3017	2911
3017	3046
3018	83
3018	923
3019	803
3020	1981
3021	1067
3021	1189
3021	1305
3024	2635
3025	561
3025	876
3025	2581
3025	2959
3026	921
3026	1545
3026	1620
3027	1989
3028	746
3028	2427
3029	80
3029	359
3030	460
3030	835
3030	3263
3031	1962
3032	1524
3033	1126
3034	1440
3035	1858
3036	1066
3036	3203
3037	901
3037	1428
3037	1624
3037	1810
3037	3038
3038	1382
3038	3037
3040	2348
3042	1115
3043	1389
3044	1554
3044	2010
3045	1042
3045	1823
3045	2342
3045	3187
3046	294
3046	476
3046	478
3046	649
3046	819
3046	1865
3046	1891
3046	1932
3046	2495
3046	2911
3046	3017
3047	541
3047	1303
3049	1572
3051	1094
3051	3207
3053	1143
3054	2626
3056	474
3056	1509
3057	3058
3057	3059
3059	3057
3059	3058
3060	911
3062	1563
3064	1433
3064	1524
3065	1433
3066	2589
3066	3067
3068	1868
3070	161
3071	371
3071	1369
3071	1746
3071	1981
3072	3080
3073	962
3074	2435
3075	1949
3076	205
3078	1153
3079	1153
3080	918
3080	3072
3082	3082
3083	321
3084	156
3086	968
3087	101
3087	204
3089	2400
3090	1695
3090	2037
3090	3091
3091	3090
3093	219
3093	2254
3094	1314
3095	3094
3096	589
3097	1955
3098	1229
3099	582
3100	1541
3101	667
3106	410
3107	722
3107	1822
3108	954
3108	1191
3108	3109
3109	3108
3114	1760
3116	324
3116	996
3116	3115
3117	1571
3118	1252
3118	1571
3119	1252
3120	1000
3120	2464
3121	145
3124	245
3125	1310
3125	1851
3125	1907
3126	3127
3127	3126
3128	603
3128	2208
3130	47
3131	47
3132	2686
3132	3193
3133	119
3133	1156
3133	1685
3134	132
3135	1499
3135	3136
3138	1412
3138	2174
3138	2586
3139	1085
3139	3244
3143	2004
3144	955
3144	2894
3144	3145
3146	519
3146	3147
3147	1924
3148	3146
3150	1880
3150	2185
3151	1341
3152	1983
3152	2367
3152	2541
3152	2549
3153	569
3153	1426
3154	951
3155	1906
3156	88
3156	2306
3158	963
3159	3019
3160	2062
3164	2363
3164	2637
3165	3166
3167	2309
3169	1523
3169	3172
3171	3172
3172	3171
3172	3173
3173	3172
3176	789
3178	3179
3180	1306
3182	163
3183	210
3183	1766
3184	190
3184	330
3185	403
3185	1662
3186	303
3188	380
3188	2155
3193	33
3193	372
3193	746
3193	846
3193	1143
3193	1728
3193	2558
3193	3132
3193	3196
3193	3197
3193	3210
3194	1822
3194	3193
3196	3193
3197	33
3200	655
3200	687
3201	655
3201	3200
3203	1066
3203	3036
3204	225
3204	245
3204	1066
3204	1827
3205	1784
3206	330
3207	3051
3208	1949
3210	3193
3211	1113
3212	2857
3215	1052
3215	1239
3215	2993
3216	582
3217	582
3219	3
3219	1237
3220	1687
3220	1822
3221	308
3221	567
3221	1310
3222	2092
3223	778
3224	2462
3227	2320
3227	3227
3228	269
3228	486
3228	1115
3228	3236
3229	1321
3230	1321
3230	3254
3232	2713
3233	935
3234	269
3235	269
3236	269
3237	1047
3238	277
3241	738
3241	1032
3241	1129
3241	1586
3243	2056
3244	3139
3249	227
3249	266
3249	1808
3249	2492
3250	2569
3251	22
3251	938
3252	283
3252	1045
3252	3253
3253	1045
3253	1596
3254	767
3255	2660
3256	1670
3257	412
3258	636
3259	1133
3260	3260
3261	673
3262	788
3263	460
3265	212
3265	1792
3266	2196
3267	3102
3268	1548
3269	2007
3269	2237
3270	2007
3271	1822
3272	378
3272	482
3272	1589
3272	2773
3273	1082
3273	1266
3273	1505
3274	95
3274	1768
3274	2498
3274	2835
3276	482
3276	2169
3277	90
3278	185
3282	2339
3285	2
3286	374
3286	447
3286	1667
3286	2366
3291	2653
3293	352
3294	1813
3294	2153
3295	1679
3295	2251
3295	2262
3296	342
3296	2497
3296	2920
3297	1664
3298	266
3299	83
3301	1908
3301	3302
3303	1073
3304	734
3304	1651
3305	1733
3306	1733
3308	1451
3308	2824
3310	116
3311	717
3312	1981
3312	2022
3313	1974
3314	998
3315	645
3316	1181
3317	2911
3322	3323
3323	3322
3324	268
3326	33
